[[ 0  0  0  0  0  0  0  1  0  0  0  0  0  0  0]
 [ 0  0  0  0  0  0  0  1  0  0  0  0  0  0  0]
 [ 0  0  0  0  0  0  1  0  1  0  0  0  0  0  0]
 [ 0  0  0  0  0  0  1  0  1  0  0  0  0  0  0]
 [ 0  0  0  0  0  1  0  2  0  1  0  0  0  0  0]
 [ 0  0  0  0  0  1  0  2  0  1  0  0  0  0  0]
 [ 0  0  0  0  1  0  3  0  3  0  1  0  0  0  0]
 [ 0  0  0  0  1  0  3  0  3  0  1  0  0  0  0]
 [ 0  0  0  1  0  4  0  3  3  1  0  1  0  0  0]
 [ 0  0  0  1  0  4  0  3  3  1  0  1  0  0  0]
 [ 0  0  1  0  5  0  4  3  7  0  2  0  1  0  0]
 [ 0  0  1  0  5  0  4  3  7  0  2  0  1  0  0]
 [ 0  1  0  1  5  4  0  7  7  0  2  1  0  1  0]
 [ 0  1  0  1  5  4  0  7  7  0  2  1  0  1  0]
 [ 1  0  2  0 15  0 11  0 14  0  0  1  1  0  1]
 [ 1  0  2  0 15  0 11  0 14  0  0  1  1  0  1]]
